=== Ogólne Wyniki Modelu ===
Test Loss:           0.1767
Test Accuracy:       0.9833
Total Infer. Time:   4.1662 s
Time per Image:      0.330 ms

=== Classification Report ===
              precision    recall  f1-score   support

           0       0.97      1.00      0.98        60
           1       0.99      1.00      0.99       720
           2       0.99      0.99      0.99       750
           3       1.00      0.93      0.97       450
           4       1.00      0.99      0.99       660
           5       0.95      0.99      0.97       630
           6       1.00      0.99      0.99       150
           7       1.00      1.00      1.00       450
           8       1.00      0.98      0.99       450
           9       1.00      1.00      1.00       480
          10       1.00      1.00      1.00       660
          11       0.97      0.95      0.96       420
          12       1.00      0.95      0.97       690
          13       0.98      1.00      0.99       720
          14       1.00      1.00      1.00       270
          15       0.95      1.00      0.97       210
          16       1.00      1.00      1.00       150
          17       1.00      1.00      1.00       360
          18       1.00      0.97      0.98       390
          19       0.95      1.00      0.98        60
          20       1.00      1.00      1.00        90
          21       0.95      0.80      0.87        90
          22       1.00      0.77      0.87       120
          23       0.89      1.00      0.94       150
          24       1.00      0.97      0.98        90
          25       0.94      0.99      0.96       480
          26       0.99      0.97      0.98       180
          27       0.88      1.00      0.94        60
          28       0.99      0.99      0.99       150
          29       0.99      0.99      0.99        90
          30       0.98      0.99      0.99       150
          31       0.98      1.00      0.99       270
          32       0.98      1.00      0.99        60
          33       1.00      0.99      0.99       210
          34       0.94      1.00      0.97       120
          35       0.99      0.99      0.99       390
          36       0.97      0.97      0.97       120
          37       0.98      0.97      0.97        60
          38       0.98      1.00      0.99       690
          39       0.99      1.00      0.99        90
          40       0.95      0.98      0.96        90
          41       1.00      1.00      1.00        60
          42       1.00      1.00      1.00        90

    accuracy                           0.98     12630
   macro avg       0.98      0.98      0.98     12630
weighted avg       0.98      0.98      0.98     12630


=== Top-k Accuracy ===
Top-1: 0.9833
Top-3: 0.9966
Top-5: 0.9983

=== Najczęściej mylone klasy ===
True 3 → Pred 5 : 28
True 22 → Pred 25 : 28
True 11 → Pred 23 : 17
True 12 → Pred 13 : 12
True 12 → Pred 15 : 10

=== Mean ROC AUC ===
1.0000
