=== Ogólne Wyniki Modelu ===
Test Loss:           0.1751
Test Accuracy:       0.9770
Total Infer. Time:   1.6445 s
Time per Image:      0.130 ms

=== Classification Report ===
              precision    recall  f1-score   support

           0       1.00      1.00      1.00        60
           1       0.99      0.99      0.99       720
           2       0.98      1.00      0.99       750
           3       1.00      0.96      0.98       450
           4       0.98      0.99      0.98       660
           5       0.96      0.97      0.97       630
           6       0.99      0.99      0.99       150
           7       0.90      1.00      0.95       450
           8       1.00      0.97      0.98       450
           9       0.99      1.00      0.99       480
          10       1.00      0.99      0.99       660
          11       0.99      0.98      0.98       420
          12       0.99      0.97      0.98       690
          13       0.99      1.00      1.00       720
          14       1.00      1.00      1.00       270
          15       1.00      0.99      1.00       210
          16       1.00      1.00      1.00       150
          17       1.00      0.91      0.96       360
          18       1.00      0.93      0.96       390
          19       1.00      1.00      1.00        60
          20       1.00      1.00      1.00        90
          21       0.93      0.97      0.95        90
          22       1.00      0.76      0.86       120
          23       0.97      0.99      0.98       150
          24       0.98      0.99      0.98        90
          25       0.94      0.98      0.96       480
          26       0.89      1.00      0.94       180
          27       0.93      0.87      0.90        60
          28       0.99      0.99      0.99       150
          29       1.00      0.94      0.97        90
          30       0.95      0.99      0.97       150
          31       1.00      1.00      1.00       270
          32       0.94      1.00      0.97        60
          33       0.94      0.99      0.96       210
          34       1.00      1.00      1.00       120
          35       1.00      0.93      0.97       390
          36       1.00      0.93      0.97       120
          37       1.00      0.98      0.99        60
          38       0.97      1.00      0.98       690
          39       0.94      0.82      0.88        90
          40       0.83      1.00      0.90        90
          41       0.97      1.00      0.98        60
          42       0.99      0.94      0.97        90

    accuracy                           0.98     12630
   macro avg       0.97      0.97      0.97     12630
weighted avg       0.98      0.98      0.98     12630


=== Top-k Accuracy ===
Top-1: 0.9770
Top-3: 0.9952
Top-5: 0.9979

=== Najczęściej mylone klasy ===
True 17 → Pred 7 : 30
True 22 → Pred 25 : 24
True 3 → Pred 5 : 19
True 18 → Pred 26 : 18
True 35 → Pred 38 : 14

=== Mean ROC AUC ===
0.9999
