=== Ogólne Wyniki Modelu ===
Test Loss:           0.1363
Test Accuracy:       0.9876
Total Infer. Time:   2.0055 s
Time per Image:      0.159 ms

=== Classification Report ===
              precision    recall  f1-score   support

           0       1.00      1.00      1.00        60
           1       0.99      1.00      1.00       720
           2       0.99      1.00      1.00       750
           3       1.00      0.99      0.99       450
           4       1.00      1.00      1.00       660
           5       0.98      0.99      0.99       630
           6       1.00      1.00      1.00       150
           7       0.94      1.00      0.96       450
           8       0.99      1.00      1.00       450
           9       1.00      1.00      1.00       480
          10       1.00      1.00      1.00       660
          11       1.00      1.00      1.00       420
          12       1.00      0.96      0.98       690
          13       1.00      1.00      1.00       720
          14       1.00      1.00      1.00       270
          15       0.98      1.00      0.99       210
          16       1.00      1.00      1.00       150
          17       1.00      0.92      0.96       360
          18       1.00      0.97      0.98       390
          19       1.00      1.00      1.00        60
          20       0.99      1.00      0.99        90
          21       0.96      1.00      0.98        90
          22       1.00      0.75      0.86       120
          23       0.90      1.00      0.95       150
          24       1.00      1.00      1.00        90
          25       0.94      1.00      0.97       480
          26       0.98      1.00      0.99       180
          27       1.00      1.00      1.00        60
          28       1.00      0.99      0.99       150
          29       0.98      1.00      0.99        90
          30       1.00      0.89      0.94       150
          31       0.99      1.00      0.99       270
          32       1.00      1.00      1.00        60
          33       1.00      1.00      1.00       210
          34       0.97      1.00      0.98       120
          35       1.00      1.00      1.00       390
          36       0.99      0.98      0.99       120
          37       1.00      0.98      0.99        60
          38       0.97      0.98      0.98       690
          39       1.00      1.00      1.00        90
          40       0.89      0.99      0.94        90
          41       1.00      1.00      1.00        60
          42       1.00      1.00      1.00        90

    accuracy                           0.99     12630
   macro avg       0.99      0.99      0.99     12630
weighted avg       0.99      0.99      0.99     12630


=== Top-k Accuracy ===
Top-1: 0.9876
Top-3: 0.9964
Top-5: 0.9990

=== Najczęściej mylone klasy ===
True 17 → Pred 7 : 30
True 22 → Pred 25 : 30
True 12 → Pred 38 : 17
True 30 → Pred 23 : 16
True 38 → Pred 40 : 10

=== Mean ROC AUC ===
1.0000
